11111111
01111111
10111111
11011111
11101111
11110111
11111011
11111101
11111110
00111111
10011111
11001111
11100111
11110011
11111001
11111100
00011111
10001111
11000111
11100011
11110001
11111000
00001111
10000111
11000011
11100001
11110000
00000111
10000011
11000001
11100000
00000011
10000001
11000000
00000001
10000000
00000000
11111111
01111111
10111111
11011111
11101111
11110111
11111011
11111101
11111110
00111111
10011111
11001111
11100111
11110011
11111001
11111100
00011111
10001111
11000111
11100011
11110001
11111000
00001111
10000111
11000011
11100001
11110000
00000111
10000011
11000001
11100000
00000011
10000001
11000000
00000001
10000000
00000000
11111111
01111111
10111111
11011111
11101111
11110111
11111011
11111101
11111110
00111111
10011111
11001111
11100111
11110011
11111001
11111100
00011111
10001111
11000111
11100011
11110001
11111000
00001111
10000111
11000011
11100001
11110000
00000111
10000011
11000001
11100000
00000011
10000001
11000000
00000001
10000000
00000000
11111111
01111111
10111111
11011111
11101111
11110111
11111011
11111101
11111110
00111111
10011111
11001111
11100111
11110011
11111001
11111100
00011111